0.3
0.8
1.3
4.7
5.2
5.7
9.2
9.7
10.2
11.4
11.9
12.4
13.6
14.1
14.6
15.8
16.3
16.5
18.0
20.4
22.5
23.0
23.5
24.7
25.2
25.7
27.0
29.2
31.5
32.0
32.5
33.7
34.2
34.7
35.9
38.1
40.6
41.1
41.6
42.5
43.0
43.5
44.8
53.6
55.1
55.6
57.4
58.2
59.5
60.0
61.7
62.5
63.9
64.4
65.5
66.2
67.8
68.3
68.9
71.6
72.1
72.6
73.7
74.2
74.7
75.9
76.4
76.9
78.1
78.6
79.1
80.3
82.5
84.8
85.3
85.8
87.0
87.5
88.0
89.2
91.7
93.7
94.2
94.7
95.9
96.4
96.9
98.1
100.3
102.5
103.0
103.5
104.7
105.2
105.7
107.0
115.9
117.3
117.9
120.6
121.7
122.3
124.8
126.1
126.7
127.7
128.6
130.2
130.6
131.2
133.3
134.6
135.9
136.7
137.6
139.0
139.8
141.2
142.0
144.3
144.7
145.2
145.7
146.5
147.0
147.4
147.9
148.7
149.3
149.7
150.1
150.9
151.5
153.6
156.0
156.8
157.6
158.2
159.0
159.8
160.4
162.6
164.2
164.8
165.2
165.6
166.5
167.1
167.5
167.9
168.7
169.3
171.5
173.7
174.1
174.5
175.4
176.0
176.4
176.8
177.6
178.1
178.7
179.3
179.8
180.4
180.7
181.0
181.3
181.5
181.8
182.1
182.4
182.7
183.0
183.3
183.6
183.9
184.8
186.2
186.7
188.3
189.2
190.6
191.2
192.0
192.8
193.1
193.6
195.0
195.6
196.4
197.2
197.5
198.1
199.5
200.0
200.2
200.4
200.6
200.8
201.0
201.3
201.6
201.9
202.2
202.5
202.8
204.0
204.6
205.4
206.3
206.6
207.0
208.4
208.9
209.7
210.6
210.9
211.4
212.7
213.4
214.2
215.0
215.3
215.9
217.3
217.8