4.65
6.2
6.72
8.7
10.24
10.76
12.76
14.27
14.79
16.8
18.3
19.1
20.92
22.37
22.9
24.9
26.4
26.95
28.95
30.48
30.97
32.99
34.53
35.04
37.07
39.09
41.1
43.1
45.15
46.66
47.18
49.19
50.7
51.24
53.24
54.77
55.28
57.3
58.83
59.3
61.35
62.87
63.39
65.43
67.45
67.84
68.2
68.58
69.38
70.96
71.49
73.5
75.04
75.55
77.55
79.08
79.6
81.6
83.15
83.63
85.68
87.7
89.7
91.75
93.74
95.27
95.79
97.8
99.3
99.83
101.86
103.39
103.88
105.9
107.4
107.95
109.97
111.48
112
113.93
116.1
116.47
116.87
117.18
142.38
143.88
144.4
146.4
147.9
148.44
150.47
151.99
152.5
154.5
156.03
156.54
158.57
160.07
160.57
162.6
164.12
164.64
166.66
168.18
168.7
170.7
172.2
172.75
174.78
176.27
176.8
178.8
180.87
181.25
181.73
182.03