9.2
9.7
10.3
10.8
11.4
11.9
12.5
13.0
13.6
14.1
14.7
15.2
15.8
16.3
16.8
17.1
17.4
18.0
18.5
19.6
20.2
20.7
21.8
22.4
22.9
24.0
24.6
25.1
26.2
26.8
27.3
28.4
29.0
29.5
30.6
31.2
31.7
32.8
33.4
33.9
35.0
35.6
36.1
37.2
37.8
38.3
39.4
40.0
40.5
41.6
42.2
42.7
43.8
44.4
44.9
46.0
46.6
47.1
48.2
48.8
49.3
50.4
51.0
51.5
51.8
52.4
52.7
53.2
53.8
54.3
54.9
55.4
56.0
56.5
57.0
57.6
58.2
58.7
59.2
59.8
60.3
60.9
61.4
62.0
62.5
63.1
63.6
64.2
64.8
65.2
65.8
66.3
66.9
67.5
68.0
68.6
69.1
69.7
70.3
70.9
71.4
71.9
72.5
73.0
73.6
74.1
74.7
75.2
75.8
76.4
76.9
77.4
78.0
78.5
79.0
79.6
80.2
80.7
81.3
81.8
82.4
82.9
83.5
84.0
84.6
85.2
85.7
86.2
86.8
87.3
88.4
89.0
90.1
90.6
91.2
92.3
92.8
93.4
94.5
95.0
95.6
96.7
97.2
97.8
98.9
99.4
100.0
101.1
101.6
102.2
103.3
103.8
104.4
104.7
105.2
105.5
106.0
106.6
107.7
108.2
108.8
109.9
110.5
111.0
112.1
112.7
113.2
114.3
114.8
115.4
116.5
117.0
117.6
118.7
119.3
119.8
120.9
121.4
121.9
121.3
123.1
123.7
124.3
124.8
125.3
125.9
126.4
127.0
127.5
128.0
128.6
129.2
129.7
130.3
130.8
131.4
131.9
132.5
133.0
133.6
134.1
134.7
135.2
135.7
136.3
136.9
137.4
138.0
138.5
139.1
139.6